[gd_scene load_steps=8 format=3 uid="uid://deogfgyy36b78"]

[ext_resource type="Script" path="res://src/TBWObject.gd" id="1_4dqu2"]
[ext_resource type="PackedScene" uid="uid://kv0fkgdotnj6" path="res://data/scene/Play2World/screens/GameBoard2.tscn" id="2_6hbgi"]

[sub_resource type="StandardMaterial3D" id="StandardMaterial3D_ta8v7"]
albedo_color = Color(0.957565, 0.834514, 0.892163, 1)

[sub_resource type="StandardMaterial3D" id="StandardMaterial3D_b50bp"]
albedo_color = Color(0.999293, 0.896582, 1, 1)

[sub_resource type="StandardMaterial3D" id="StandardMaterial3D_4h2p3"]
albedo_color = Color(0.867397, 0.910603, 0.991533, 1)

[sub_resource type="BoxShape3D" id="BoxShape3D_xe7iu"]
size = Vector3(50, 30, 1)

[sub_resource type="StandardMaterial3D" id="StandardMaterial3D_ea4ua"]
albedo_color = Color(0.727465, 0.997733, 0.999999, 1)

[node name="Screen2" type="StaticBody3D"]
script = ExtResource("1_4dqu2")

[node name="Screen_Object" type="Node3D" parent="."]
transform = Transform3D(1, 0, 0, 0, 1, 0, 0, 0, 1, 0, 2, -9.234)

[node name="Billboard" type="CSGBox3D" parent="Screen_Object"]
transform = Transform3D(1, 0, 0, 0, 1, 0, 0, 0, 1, 0, 17, 0)
size = Vector3(52, 25, 1)

[node name="sidebar_left" type="CSGBox3D" parent="Screen_Object"]
transform = Transform3D(0.707107, 0, 0.707107, 0, 1, 0, -0.707107, 0, 0.707107, -31.7329, 15.408, 4.78771)
size = Vector3(15, 23, 1)
material = SubResource("StandardMaterial3D_ta8v7")

[node name="sidebar_right" type="CSGBox3D" parent="Screen_Object"]
transform = Transform3D(0.707107, 0, -0.707107, 0, 1, 0, 0.707107, 0, 0.707107, 31.6585, 15.408, 4.788)
size = Vector3(15, 23, 1)
material = SubResource("StandardMaterial3D_b50bp")

[node name="Title" type="Label3D" parent="Screen_Object"]
transform = Transform3D(20, 0, 0, 0, 20, 0, 0, 0, 20, 0, 25, 0.6)
text = "Bubble Game"

[node name="Stand_group" type="Node3D" parent="Screen_Object"]

[node name="stand" type="CSGBox3D" parent="Screen_Object/Stand_group"]
transform = Transform3D(1, 0, 0, 0, 1, 0, 0, 0, 1, 0, 4.00551, 0)
size = Vector3(55, 2, 3)
material = SubResource("StandardMaterial3D_4h2p3")

[node name="stand_left" type="CSGBox3D" parent="Screen_Object/Stand_group"]
transform = Transform3D(0.707107, 0, 0.707107, 0, 1, 0, -0.707107, 0, 0.707107, -31.6476, 4.006, 4.84948)
size = Vector3(15, 2, 3)
material = SubResource("StandardMaterial3D_4h2p3")

[node name="stand_right" type="CSGBox3D" parent="Screen_Object/Stand_group"]
transform = Transform3D(0.707107, 0, -0.707107, 0, 1, 0, 0.707107, 0, 0.707107, 31.9127, 4.006, 4.92977)
size = Vector3(15, 2, 3)
material = SubResource("StandardMaterial3D_4h2p3")

[node name="CollisionShape3D" type="CollisionShape3D" parent="."]
transform = Transform3D(1, 0, 0, 0, 1, 0, 0, 0, 1, 0, 14.5, 0)
shape = SubResource("BoxShape3D_xe7iu")

[node name="Base" type="CSGCylinder3D" parent="."]
transform = Transform3D(1, 0, 0, 0, 1, 0, 0, 0, 1, 0, 2.37889, 14.8211)
radius = 50.0
sides = 12

[node name="Walk" type="CSGBox3D" parent="."]
transform = Transform3D(1, 0, 0, 0, 1, 0, 0, 0, 1, 0, 2.37889, 77.8549)
size = Vector3(15, 2, 30)

[node name="Base_small" type="CSGCylinder3D" parent="."]
transform = Transform3D(1, 0, 0, 0, 1, 0, 0, 0, 1, 0, 4, 8.84845)
radius = 40.0
sides = 18
material = SubResource("StandardMaterial3D_ea4ua")

[node name="Gameboard" parent="." instance=ExtResource("2_6hbgi")]
transform = Transform3D(1, 0, 0, 0, 1, 0, 0, 0, 1, 16.469, 0, 88.892)
